The optimal solution value is Z = 9.2203389830508
X1 = 0.6271186440678
X2 = 2.8135593220339
X3 = 1.5423728813559
X4 = 0
X5 = 0.66101694915254